timestamp, utc, avg_common, avg_uncommon, avg_rare, total
1543459415, 11-29 02:43, 0.064, 0.184, 1.580, 2.928, 302.16
1543459443, 11-29 02:44, 0.067, 0.176, 1.610, 2.958, 303.77
1543459502, 11-29 02:45, 0.065, 0.180, 1.610, 2.956, 301.37
1543459563, 11-29 02:46, 0.065, 0.184, 1.590, 2.949, 300.69
1543459622, 11-29 02:47, 0.063, 0.187, 1.600, 2.953, 300.86
1543459683, 11-29 02:48, 0.066, 0.186, 1.590, 2.963, 299.44
1543459743, 11-29 02:49, 0.066, 0.179, 1.600, 2.949, 299.98
1543459802, 11-29 02:50, 0.065, 0.175, 1.610, 2.941, 301.51
1543459863, 11-29 02:51, 0.065, 0.174, 1.610, 2.939, 303.07
1543459922, 11-29 02:52, 0.065, 0.168, 1.580, 2.881, 297.26
1543459982, 11-29 02:53, 0.063, 0.165, 1.590, 2.874, 298.48
1543460043, 11-29 02:54, 0.063, 0.169, 1.550, 2.836, 291.83
1543460102, 11-29 02:55, 0.063, 0.172, 1.570, 2.874, 295.56
1543460162, 11-29 02:56, 0.064, 0.173, 1.580, 2.892, 297.04
1543460223, 11-29 02:57, 0.064, 0.171, 1.550, 2.851, 290.19
1543460283, 11-29 02:58, 0.062, 0.175, 1.550, 2.852, 291.38
1543460342, 11-29 02:59, 0.064, 0.164, 1.530, 2.806, 285.38
1543460402, 11-29 03:00, 0.064, 0.172, 1.500, 2.799, 284.35
1543460463, 11-29 03:01, 0.063, 0.174, 1.520, 2.817, 286.09
1543460523, 11-29 03:02, 0.063, 0.181, 1.510, 2.832, 286.57
1543460582, 11-29 03:03, 0.063, 0.179, 1.500, 2.814, 282.62
1543460643, 11-29 03:04, 0.065, 0.178, 1.530, 2.855, 287.80
1543460702, 11-29 03:05, 0.066, 0.180, 1.530, 2.872, 286.92
1543460762, 11-29 03:06, 0.066, 0.177, 1.530, 2.861, 288.22
1543460823, 11-29 03:07, 0.064, 0.179, 1.500, 2.823, 283.87
1543460882, 11-29 03:08, 0.066, 0.178, 1.550, 2.889, 291.55
1543460942, 11-29 03:09, 0.0649, 0.174, 1.51, 2.82, 288.48
1543461002, 11-29 03:10, 0.0652, 0.18, 1.51, 2.85, 287.00
1543461063, 11-29 03:11, 0.0648, 0.171, 1.51, 2.81, 284.74
1543461122, 11-29 03:12, 0.0652, 0.17, 1.51, 2.81, 282.12
