1, 5, 0.064, 0.184, 1.580, 2.928, 6
1, 5, 0.067, 0.176, 1.610, 2.958, 7
1, 5, 0.065, 0.180, 1.610, 2.956, 7
1, 5, 0.065, 0.184, 1.590, 2.949, 9
1, 5, 0.063, 0.187, 1.600, 2.953, 6
1, 5, 0.066, 0.186, 1.590, 2.963, 4
1, 5, 0.066, 0.179, 1.600, 2.949, 8
1, 5, 0.065, 0.175, 1.610, 2.941, 1
1, 5, 0.065, 0.174, 1.610, 2.939, 7
1, 5, 0.065, 0.168, 1.580, 2.881, 6
1, 5, 0.063, 0.165, 1.590, 2.874, 8
1, 5, 0.063, 0.169, 1.550, 2.836, 3
1, 5, 0.063, 0.172, 1.570, 2.874, 6
1, 5, 0.064, 0.173, 1.580, 2.892, 4
1, 5, 0.064, 0.171, 1.550, 2.851, 9
1, 5, 0.062, 0.175, 1.550, 2.852, 8
1, 5, 0.064, 0.164, 1.530, 2.806, 8
1, 5, 0.064, 0.172, 1.500, 2.799, 5
1, 5, 0.063, 0.174, 1.520, 2.817, 9
1, 5, 0.063, 0.181, 1.510, 2.832, 7
1, 5, 0.063, 0.179, 1.500, 2.814, 2
1, 5, 0.065, 0.178, 1.530, 2.855, 0
1, 5, 0.066, 0.180, 1.530, 2.872, 2
1, 5, 0.066, 0.177, 1.530, 2.861, 2
1, 5, 0.064, 0.179, 1.500, 2.823, 7
1, 5, 0.066, 0.178, 1.550, 2.889, 5
