1543459415, 11-29 02:43, 0.064, 0.184, 1.580, 6.650, 302.16
1543459443, 11-29 02:44, 0.067, 0.176, 1.610, 6.695, 303.77
1543459502, 11-29 02:45, 0.065, 0.180, 1.610, 6.684, 301.37
1543459563, 11-29 02:46, 0.065, 0.184, 1.590, 6.668, 300.69
1543459622, 11-29 02:47, 0.063, 0.187, 1.600, 6.666, 300.86
1543459683, 11-29 02:48, 0.066, 0.186, 1.590, 6.678, 299.44
1543459743, 11-29 02:49, 0.066, 0.179, 1.600, 6.681, 299.98
1543459802, 11-29 02:50, 0.065, 0.175, 1.610, 6.679, 301.51
1543459863, 11-29 02:51, 0.065, 0.174, 1.610, 6.678, 303.07
1543459922, 11-29 02:52, 0.065, 0.168, 1.580, 6.642, 297.26
1543459982, 11-29 02:53, 0.063, 0.165, 1.590, 6.634, 298.48
1543460043, 11-29 02:54, 0.063, 0.169, 1.550, 6.598, 291.83
1543460102, 11-29 02:55, 0.063, 0.172, 1.570, 6.621, 295.56
1543460162, 11-29 02:56, 0.064, 0.173, 1.580, 6.639, 297.04
1543460223, 11-29 02:57, 0.064, 0.171, 1.550, 6.607, 290.19
1543460283, 11-29 02:58, 0.062, 0.175, 1.550, 6.596, 291.38
1543460342, 11-29 02:59, 0.064, 0.164, 1.530, 6.580, 285.38
1543460402, 11-29 03:00, 0.064, 0.172, 1.500, 6.558, 284.35
1543460463, 11-29 03:01, 0.063, 0.174, 1.520, 6.573, 286.09
1543460523, 11-29 03:02, 0.063, 0.181, 1.510, 6.570, 286.57
1543460582, 11-29 03:03, 0.063, 0.179, 1.500, 6.558, 282.62
1543460643, 11-29 03:04, 0.065, 0.178, 1.530, 6.602, 287.80
1543460702, 11-29 03:05, 0.066, 0.180, 1.530, 6.612, 286.92
1543460762, 11-29 03:06, 0.066, 0.177, 1.530, 6.609, 288.22
1543460823, 11-29 03:07, 0.064, 0.179, 1.500, 6.565, 283.87
1543460882, 11-29 03:08, 0.066, 0.178, 1.550, 6.630, 291.55
1543460942, 11-29 03:09, 0.065, 0.174, 1.510, 6.577, 288.48
1543461002, 11-29 03:10, 0.065, 0.180, 1.510, 6.586, 287.00
1543461063, 11-29 03:11, 0.065, 0.171, 1.510, 6.573, 284.74
1543461122, 11-29 03:12, 0.065, 0.170, 1.510, 6.576, 282.12
1543461183, 11-29 03:13, 0.064, 0.170, 1.530, 6.586, 289.09
1543461242, 11-29 03:14, 0.067, 0.175, 1.520, 6.603, 287.39
1543461302, 11-29 03:15, 0.067, 0.166, 1.530, 6.605, 289.24
1543461363, 11-29 03:16, 0.068, 0.175, 1.550, 6.641, 293.88
1543461400, 11-29 03:16, 0.068, 0.178, 1.520, 6.613, 290.94
